1018679947
1056288763
1090852836
1152036515
1299361539
1307782160
1457865667
1467523678
1576472496
1619246690
1795283690
1983282227
1996965251
2041216172
2049587057
2143292066
2207956423
2253172305
2311620047
2483852563
2589251589
2621448586
2939980916
2986253384
3013068434
3045196386
3072731528
3090201308
3090259748
3114350863
3134154996
3159857042
3170125421
3176183743
3195219371
3195219743
3225056737
3336365024
3558033688
3576205220
3588544095
3621815958
3623454559
3754671502
19734104896
38831771453
49209172972
51329994099
1886026561611862875
129823998643
962323217
964289900
976631890
981195283
984048384
991311719
1006295906
1008502616
1018679947
1026090452
1032077214
1036826501
1049821668
1054075067
1056288763
1056868998
1060996908
1074757033
1079401302
1090852836
1091844131
1096616666
1100502381
1108285526
1115276131
1119985993
1120778838
1123434791
1131018585
1135813803
1136193574
1139211219
1140295465
1142561257
1143194913
1149010859
1152036515
1153874672
1154914147
1156638564
1161041662
1176324498
1182900749
1187197363
1187350317
1188755558
1203068986
1212000354
1214872488
1217446629
1230568058
1239811213
1239853492
1242222554
1244925488
1245176610
1246399087
1250410326
1250516507
1250845625
1251087530
1259106784
1272002451
1278084151
1281614151
1287148621
1296284413
1298104765
1299361539
1303792738
1307782160
1313076278
1321174190
1333792045
1339511180
1342234036
1344077341
1366033672
1381582301
1399206151
1408325042
1414511207
1418316448
1421222813
1424758751
1424941685
1425542852
1432108291
1439488169
1442548807
1447181378
1452832582
1452993969
1454074018
1455863976
1457865667
1457897849
1459348949
1467523678
1469820434
1472182228
1484332277
1497353815
1497875686
1507718800
1513197963
1513767511
1517246634
1523173822
1530991991
1534857910
1535935508
1537223564
1540278558
1543575653
1550643501
1552429183
1556949875
1567804534
1569353333
1576472496
1578100596
1581138112
1581925263
1588264736
1591059985
1593187349
1596456205
1606234421
1613845498
1616969754
1618836156
1619246690
1632526000
1635678336
1636263886
1637586155
1640022270
1640477343
1641176631
1648344587
1650022621
1653211486
1653863928
1666986184
1673218209
1673708038
1674092412
1677569173
1683474574
1690643188
1690703967
1690863553
1693952566
1703858481
1704865052
1712456841
1716238239
1719379537
1719485128
1724771338
1724964828
1727270391
1734814500
1739197124
1740196166
1744365262
1745715056
1746393793
1746895596
1750185239
1754246002
1757769085
1761261370
1763740973
1764298674
1764888096
1772005993
1772275326
1774453388
1780746773
1785616926
1795283690
1796967847
1797339084
1798534634
1800600039
1804420721
1805268463
1805438130
1817428718
1818939959
1819747357
1822813935
1823601095
1826642419
1827998360
1839116833
1839600044
1846841946
1847834089
1852510707
1858365255
1862577053
1865509018
1866245758
1869352831
1874199473
1874771374
1878594777
1882090816
1888108837
1891660395
1891728527
1895625749
1901550843
1917175387
1919671370
1923915010
1927576807
1927911885
1930017300
1930608413
1930918725
1931761377
1934340681
1934912971
1937360021
1938757009
1940559334
1944893822
1947530247
1951763477
1953699615
1956850947
1957003656
1971012935
1976500997
1979714203
1983282227
1984611387
1987670503
1988469839
1995851942
1996014217
1996965251
2014947170
2024706118
2025970861
2035198191
2038451606
2041216172
2042384346
2049587057
2055031621
2057153295
2061701114
2063244452
2072501207
2075417850
2083740624
2085602831
2102669129
2103104200
2106181335
2110285446
2110595580
2114481188
2115159909
2122311716
2124274240
2134056415
2136658946
2137496051
2138030657
2143292066
2145992982
2146289270
2150058298
2151608248
2152061427
2155536827
2159912334
2160129806
2163909337
2165447100
2166360427
2170639516
2174860764
2175678106
2181950160
2183568303
2185509334
2191724563
2192464554
2198337146
2205685590
2211621373
2214149123
2214490872
2220554170
2225194717
2226043960
2232699095
2235277218
2235705130
2240588915
2240963090
2242587756
2248404934
2248648743
2248912538
2250981477
2253172305
2267031690
2267469367
2267594743
2267799267
2270121401
2270742040
2273295322
2275357431
2277711306
2279096675
2282532851
2285199607
2285888808
2285969111
2296571907
2296799524
2300978859
2309368090
2311620047
2312586356
2314641765
2315064834
2316440151
2319628500
2319820570
2320080793
2323841174
2328719332
2330189540
2333923432
2335523563
2336201887
2339771910
2349653974
2352520053
2355920543
2360136961
2360860019
2364836716
2367764631
2368436399
2372018641
2373932726
2378610300
2379846536
2383517081
2383824276
2384738109
2386073082
2393841064
2393982229
2394034327
2398687952
2402563966
2419871179
2420462464
2428560564
2432130207
2436552353
2438541383
2441468463
2445091919
2445340594
2445428890
2449405305
2450576224
2452085553
2452142507
2453573414
2454724309
2456439021
2456655778
2458440914
2462258517
2463882713
2470013775
2473595611
2483209513
2483852563
2484743186
2488260008
2499076788
2499334310
2500388256
2500615577
2504599579
2505368484
2508339982
2509574397
2513553195
2514545038
2514704970
2519146567
2524757372
2526690008
2532011395
2532339348
2540503897
2540538168
2543194530
2544400295
2547697287
2549216680
2550691801
2554085350
2556343906
2557540540
2557564155
2558729337
2560939971
2563232606
2563290957
2564088119
2565729348
2566671980
2568630087
2568771004
2574139635
2574288351
2574633662
2575338382
2576235804
2578848953
2579413818
2580111025
2580389661
2580983054
2581037157
2586228073
2587320097
2588661262
2588762141
2588825645
2589251589
2591684715
2598300995
2606231301
2621448586
2621674242
2622764065
2622972425
2629227307
2634336482
2638125709
2642183255
2642519319
2647673793
2647838629
2648056722
2653932735
2653982987
2654105745
2660657755
2661088726
2661368133
2667427326
2668642712
2675682328
2677890327
2687811892
2689539628
2689945433
2693116188
2693393221
2695211396
2696054614
2702952844
2710360097
2712471826
2713395319
2715009625
2716134892
2717294949
2718704564
2718882522
2721320452
2721430513
2721536190
2724499114
2724691657
2725100742
2731567824
2734744293
2739524058
2740201798
2740781726
2746079646
2755563338
2756861404
2757285048
2757437707
2757827026
2759776010
2760120062
2761117175
2761278149
2761883279
2762897895
2766519602
2767228694
2767357565
2767808721
2768238450
2768678376
2769443520
2771577045
2774603489
2775169773
2783778985
2786916768
2788319518
2789301923
2794040981
2798276709
2798847700
2799159492
2804953725
2804968613
2807508915
2811178065
2812526792
2813946530
2816030601
2816569716
2816987075
2819029156
2824140490
2824941629
2834017331
2839497996
2841385874
2841428014
2847597910
2848097491
2848411296
2848648962
2849858932
2850082460
2861743556
2865759715
2866529942
2872014455
2873562885
2874470728
2875870764
2876916909
2881136272
2882430240
2893050998
2893124254
2895275402
2897697561
2901232080
2901693764
2902468259
2906847226
2909003406
2909536505
2911871945
2913421825
2915293488
2916722367
2917007464
2917007509
2918866263
2920210601
2920667532
2922668603
2925010325
2926439666
2926793193
2928070710
2928496230
2928710161
2930983966
2933678441
2933735132
2933900077
2933995709
2934320217
2935378934
2936395061
2937709510
2939099984
2939279506
2939980916
2940365937
2940813957
2942565777
2943085550
2946166845
2947057456
2947115838
2947162184
2947357704
2949108478
2950249959
2950361418
2950870045
2951522292
2951656981
2955498269
2955715546
2956914704
2957941264
2958333664
2958533484
2958661463
2959161289
2959860457
2959898097
2960670738
2961078782
2961469511
2966241971
2966248051
2966601988
2967976769
2968370583
2975725373
2976757951
2977859635
2980887230
2981666787
2982787914
2982961638
2982972464
2985968656
2986253384
2992211952
2994795128
2996354462
3000145538
3003013956
3005522062
3012850282
3013663835
3014205603
3015003041
3015160856
3016332272
3019651402
3019837284
3024407135
3028727636
3029210199
3030775571
3032317998
3035077406
3035590368
3040854618
3042925174
3044218138
3044856260
3045196386
3049727251
3051316355
3051571526
3055448823
3057776694
3058109810
3062179177
3063389053
3063830378
3066642294
3067602070
3067699726
3067733661
3069288691
3069322763
3069892624
3070202401
3070649678
3072095415
3072210117
3072731528
3073917162
3074178387
3076227964
3078052837
3085100010
3085168711
3085191565
3085327515
3087581085
3089835652
3090201308
3090259748
3092546938
3092625169
3095587334
3095638217
3095943789
3096157633
3096843146
3099138219
3100793515
3102531115
3102680215
3102770614
3103874208
3106375082
3106758019
3107262598
3108988097
3109261828
3109321093
3112727518
3114350863
3115032845
3115293607
3116484693
3117659717
3120397539
3121960220
3123183485
3124389966
3124925223
3125318332
3128425558
3128814891
3129926146
3130613673
3132780405
3133164188
3134154996
3135434469
3136369196
3141314913
3141959647
3142978513
3142991130
3144253286
3145213340
3146632541
3149931859
3151468137
3154361410
3154655293
3155558700
3157477556
3158273138
3158282344
3159983440
3161372818
3162577962
3163291981
3165112163
3165214261
3165481770
3165733393
3166749942
3166908723
3167172412
3167748097
3168473764
3170125421
3171728810
3172266077
3174292029
3176183743
3177301227
3180817691
3183533272
3188081624
3188713160
3189086970
3189110485
3189118460
3189146609
3191025580
3191619546
3191759127
3193206115
3193259570
3195011961
3195219371
3195219743
3197598785
3199038011
3203545343
3207575738
3210767286
3213949892
3214581437
3216290291
3217351130
3221959051
3225056737
3226076520
3226119788
3229442668
3229749104
3229912349
3232581322
3232656606
3233190106
3234692352
3235335288
3240960133
3241632534
3243298961
3245479286
3245687925
3246866322
3247341036
3247896973
3251608005
3251808279
3252768101
3252959531
3254291748
3256242507
3257523964
3257970982
3260637725
3260721779
3261408477
3263897465
3268110247
3268143473
3268555699
3268626634
3269726523
3270088858
3270090688
3271498330
3273761484
3274532329
3275138815
3276104094
3276574730
3280656238
3281442843
3281848310
3283702806
3288056169
3288071561
3289881071
3291293723
3291750317
3293350607
3296005036
3297022329
3298377245
3298969825
3299541238
3301265412
3301361983
3302394257
3302761162
3306562057
3308502051
3309140743
3311172633
3311929781
3312389851
3312418727
3312903777
3316652725
3317720899
3317799917
3319949591
3320199293
3323814781
3323910693
3324574309
3324905052
3325684022
3325706553
3325859407
3325884267
3327181528
3329582669
3329963028
3330360822
3333480646
3334514207
3336365024
3337214691
3338272779
3338310564
3340019687
3340123386
3342080861
3342571977
3342820665
3342990974
3345586568
3347083938
3347172771
3350099716
3350918045
3353423897
3354909085
3356019477
3356949617
3357175847
3358911318
3359834315
3360419084
3360590014
3362225933
3364629310
3364856046
3365893788
3366036326
3367930322
3368142081
3368534580
3370889607
3371552971
3371828082
3372759874
3373866373
3374139144
3374175657
3374575874
3375870178
3376029392
3377403329
3377893034
3377942527
3381922961
3382139042
3382469763
3385142596
3385430611
3385860485
3386433231
3387010290
3387745261
3387923559
3387953432
3387998679
3388610278
3389552519
3390179482
3392795363
3394871492
3395148317
3396188214
3396475906
3401700730
3402042405
3402166861
3402262044
3403005426
3403560393
3403712742
3403755916
3403761032
3403968350
3404146913
3404227511
3404313752
3404796840
3404995393
3405007478
3405063336
3405111592
3406244590
3407056689
3408463131
3410492123
3412623374
3413340735
3414167001
3414544068
3417833870
3417855854
3418579321
3421506443
3421714332
3421998667
3422659111
3422956543
3422995799
3425085390
3425100354
3426351182
3427938510
3429182826
3429595054
3430839147
3433660908
3434830717
3435644024
3435881094
3437255862
3437863444
3439067227
3439703184
3440289410
3440560795
3441170029
3443189835
3444008861
3444555241
3445926301
3445955041
3448398500
3449483676
3450757312
3450798555
3452173964
3453146562
3454332346
3454484829
3455696528
3456471681
3456817518
3457218954
3458333729
3459132651
3459790728
3460608805
3460880126
3461831170
3462984431
3466750566
3468117246
3468252564
3468345320
3472365237
3473768038
3476096695
3476692227
3477179310
3478728947
3479102212
3479409545
3479646017
3481279789
3483449526
3485053764
3485412616
3486358373
3486970517
3487013264
3487348278
3487398496
3487553409
3489355156
3491228573
3493503440
3494012693
3494057401
3496103370
3498201264
3498223855
3498830454
3498856001
3499364366
3499687154
3500827560
3501371710
3501378275
3501582487
3501699266
3502101770
3502714919
3502743512
3503179215
3503373807
3504528372
3504721535
3506073086
3507563395
3507700441
3507940762
3509842450
3510844985
3511520656
3511941500
3512146937
3512267005
3512505253
3513136238
3513517747
3513525093
3513568641
3514125481
3514230682
3515425813
3515441373
3517072781
3517870688
3517975855
3518104532
3518120111
3518259498
3518525587
3518645813
3518671309
3520962201
3521331266
3523575388
3525643412
3526077322
3526662787
3526797108
3527611586
3530620852
3530622295
3531654371
3532071150
3534669117
3536284202
3536916283
3536983492
3537178031
3541303131
3541528421
3541849292
3541981933
3543950857
3545656331
3545942230
3546758648
3547300371
3547374407
3549433202
3549475980
3549853369
3550538450
3555257416
3555661064
3555797926
3557111375
3557337139
3557386467
3558033688
3563634632
3564936444
3566541383
3567230555
3567269141
3567650477
3568815460
3569328182
3569543628
3570625074
3571814185
3571982546
3572871229
3573697347
3573936640
3574578202
3574860778
3575199897
3575418511
3576036538
3576205220
3577825320
3578673191
3580589484
3581030618
3582861622
3584487169
3585197248
3585355617
3586726117
3587034994
3587808427
3588273659
3588544095
3589488686
3589715380
3589736277
3590157904
3590737570
3591456973
3591876276
3592247260
3592550183
3594674908
3595762788
3596197357
3597706767
3598135753
3598737827
3600486922
3601232025
3603367307
3603638612
3604299729
3604608229
3605334454
3606915947
3607937754
3609070879
3609415376
3609489675
3609682142
3610497782
3610529275
3610582773
3611777318
3612041637
3612203737
3612628636
3613494943
3613830742
3613899850
3614745559
3614920567
3615659283
3615819877
3616428289
3617247323
3617624318
3618839730
3620106338
3620751290
3621243278
3621458748
3621604195
3622120787
3623224224
3623279208
3623454559
3625126850
3625614447
3626056853
3626610267
3628257938
3629028503
3629390191
3629683839
3629960251
3630435277
3632277328
3632893009
3634307905
3634494525
3634719950
3635970559
3646794743
3675689986
3741761372
3747680488
3816568502
3840616207
3848411117
3901698869
3905006636
3973129189
4026737195
4249902323
4320589499
4392358098
4416231894
4464003117
4600430344
4676801382
4710075788
4784259945
4841653635
5308392612
5411773027
6101842515
6131946151
8365921990
8628223159
9606179807
10759409994
10946287642
11414400194
12013852387
12469917324
12601900630
12681738319
14284200296
15040376040
15045070302
15774526673
16089047580
16917536959
17105882452
17338289111
17381851897
17445338152
18778377507
19734104896
19995055265
20328535466
21065527687
22907645458
22977009333
25570079589
25757573163
26303407567
26391443445
26441904392
26465970095
27008477072
27193797424
27562959560
27857897350
28055553275
28387784242
29251512372
29559994143
31117976901
33221224388
33963762368
35536006133
35718825932
36039397281
37860237284
38356936282
38831771453
38957259054
39040880511
39242191207
39325425411
39342849529
39585138159
39792969220
39916171367
40403958594
40689773835
41498726971
43778932885
44048781891
44357835463
44612289292
44884300002
45424458150
45692004080
45971542566
46676790365
46738713935
47374850968
47496429659
47557379277
47747037484
48246419296
48296694322
48852956597
49192716745
49209172972
49462759448
49862922152
50558533248
50679372686
50695270438
51081819013
51290045967
51329994099
52675609686
53122676929
53860612048
55015572128
55447090056
55468410737
55869722422
56087274028
56200796965
56320599025
56479813588
56677942806
57188001206
57242429487
59430102488
59679406205
60478337282
60882553971
61158886611
61214561891
61614273531
61841220958
62914601503
64178982769
64195027856
64259381166
64485540279
64577745968
65632693232
65648645076
65931050920
66703931944
66758395259
67134416647
67319413976
67633515286
67741874200
69682431887
70202193918
70245338639
70947131227
71300736700
71493809059
71881758128
71932224230
72292317046
72797461477
72981765753
73273540325
73388997701
73448682811
73511988848
73622661321
74295094081
74349251990
74391505027
74513584905
74649401456
74911193834
75748574467
77271071227
77443724827
77499738913
77707576252
77909084191
78558619578
78992006534
79329895509
79840853696
79996010391
80328233247
80337152146
80848767532
81440554668
81916220962
83544632788
83724064648
83981211429
84017187164
84341090824
84581271186
85142031743
85186979340
85340511659
85861845462
86594378493
87086788465
87319817938
87508125221
87768487033
89351643741
89523441064
89947122452
90199423242
90283154801
90551889185
91281596520
91427849497
91975334521
92469250902
93214397531
93325213691
94101992885
94198679886
94640778155
95191308279
95482855645
95535994621
95663514517
95968862878
96299717882
96305283696
96786598022
96932971821
97638186196
98165488220
98250781833
98839376429
99376183498
100770911523
101453001781
101960100264
101998836535
102189329278
102364912323
102844465447
102941676877
102953239343
103372332190
103823672642
104079400158
104110979505
104179175041
104264689944
104477434504
105075470691
105082682067
105232107100
105375546890
105827692017
107223405833
107464469806
107633414852
107720929259
107745798683
108190600347
108221669759
109101309197
109177089248
109202709476
109348487951
110044292626
110166359207
110479097010
112589151347
113266652491
114390469929
114725360602
115051030735
115122377117
115336380138
115525251190
116095049883
117105567458
117238232567
117775335945
117910941857
119328090734
119851619208
119865614515
119939061959
120547584629
121541282658
122154188982
122717308070
1883420838629459857
123083063740
123567409293
123655373175
124949942243
125028310312
126305700568
126525757088
126794833838
126912910625
1885380003706942649
127719235333
127725431462
1886026561611862875
128307312817
129119167283
129823998643
130054055570
130072413225
130484889600
1887614382936134026
1887640824252191273
130755681344
1887831809707995790
1887868547323105911
130972241749
1888179766852579472
1888181947454447755
131241522944
1888258615892234303
1888627299760465409
1888658750442809246
1888717241559806064
1888933490382337098
1888936465037236135
1889342181724107930
1889727439942431079
1890032011529417175
1890370106246276319
1890391284784554054
1890435318190143407
1890639111703986893
1890703992436290385
1890709260180124345
1890759651664036555
1890780550719046889
1890868786611070739
1890908630301263809
1890990744250061167
1891035028462474797
1891059748067054604
1891102719630082073
1891103378408457157
1891281073582887801
1891438340542280458
1891461572976685507
1891501970927367085
1891876071701452764
1892666487266861059
1892840132089983602
1892960913935533042
1893257062743516512
1893328191919195282
1893420703954494147
1893473019407598247
1893588760937079049
1893610729363445228
1893643155120836964
1893713812831577053
1893757820605785524
1893788360994189849
1893816131392877945
1894081376321516052
1894100098960573263
1894391730314379767
1894397355245171623
1894564000529900411
1895045065455429162
1895087967036490429
1895398654010959551
1895429794356781981
1895582274042454534
1895597390364381906
1895672394875660162
1895782006622748689
1895931312776390347
1895987132243350622
1896139292100769642
1896203993585276555
1896209982271243296
1896258540924024061
1896261174439437111
1896517134777042854
1896681239504738012
1896855604473069841
1896928615972724847
1897285823256326221
1897401641130517363
1897891144219726906
1898432594120517257
1898530895033532605
1899147960685696250
1899210793330909938
1899274574006301002
1899762145006192479
1899796366181527865
1899848918600225706
1899944003081861079
1899958376399639157
1900170828760486139
1900500955088265773
1900513059488917265
1900607042831512719
1900623647963583912
1900835008593231898
1901265843129676532
1901400513611805802
1901543557191401883
1901922150224471754
1902274182290597245
1902315318719778910
1902337351482602998
1902665506995011599
1902667293709797230
1902718390071719418
1902891299851441025
1903623153273528549
1903899088539325819
1904456814839433208
1904537796066121379
1904643939635541300
1904672374344912986
1904737666156701322
1904852595815736292
1904996824181376546
1905051737817084078
1905212809219932541
1905513252919677573
1905669129547022585
1905679069707731942
1906074182200058973
1906358433218823718
1906395474019223392
1906638330550027504
1906656274575267395
1906764371415266298
1906835134398854625
1907465814451401243
1907948315619862444
1908088319318917150
1908105231608292744
1908116320140137753
1908188744042943856
1908197368219832721
1908266737083875503
1908473180785479688
1908525406690206670
1908543356272883359
1908554321555068727
1908563471487959861
1908579045177795929
1908675332829065332
1908871826160980456
1909031462449161812
1909245618666341815
1909255995756093885
1909361967606506226
1909398691741163995
1909409144479388735
1909604676686546277
1909950221284279602
1909963081569796288
1910044443903502018
1910249288677717494
1910276139647205560
1910362750934287932
1910578493491766116
1910647081141507990
1910661320447099829
1910706461463549350
1910711481898631376
1910758696679634641
1910819777515095173
1910820088187164102
1911010976892969811
1911077560261010657
1911204673559438916
1911430923523720136
1911465270771454097
1911510997023306344
1911581228789900831
1911731385833621312
1911828508205884263
1911830877845037876
1911932267149893777
1912034528614121973
1912078096900788413
1912273495397752906
1912743508458070131
1912878563276882166
1912919375364752061
1913077372065936040
1913279577263944350
1913292975783539227
1913514344458715647
1913643400252618381
1913731137546717181
1914047654389871779
1914155489845055635
1914251392857645190
1914309935371650513
1914428156632371659
1914723071341889433
1915040605530195833
1915063808642225089
1915081125941973917
1915421279252620769
1915649851653362916
1915717099004879813
1915821883758212906
1916061051537061591
1916151832532726223
1916182328381767840
1916446262221336791
1916499574467596560
1916499601957054433
1916789444436034515
1916869039701099698
1916907658973288124
1917298967915520529
1917345136003753599
1917404377548854144
1917505350149596365
1917580414983308236
1917822925219824039
1917876654648332571
1917880268087363397
1917942566403432773
1918378871960601767
1918453809656607098
1918589473073115606
1918602890567739099
1918690152680785096
1919023999205249077
1919034638610968868
1919333768176574961
1919351066174133854
1919445273215743316
1919560108872041123
1919636873476838773
1919989896308823859
1920078525840482722
1920259522611648464
1920416286128727932
1920449792116523437
1920541775401062846
1920610475986655081
1920715024315445319
1920861333269746194
1920915807745056998
1921220511322609492
1921364284736246028
1921386465595729586
1921408578079655689
1921486731523372851
1921495514676978260
1921523589053653657
1921581470520178378
1921584995811718477
1921651049183319666
1921677193513251994
1921888952337535126
1922061223282849304
1922069012365440784
1922163776691639621
1922945773072524053
1922981568214982886
1923043594199081986
1923057100008952351
1923381420136571261
1923671126363571707
1923759555315233983
1924062185816056517
1924105416134096426
1924159765191303590
1924160589015552664
1924203282403955019
1924420503608750199
1924460420376278543
1924610941598794038
1924875083291275712
1924899918507643319
1924916139479250208
1924919996389238570
1924986293894489975
1925141785665069499
1925487604893221161
1925627255805174353
1925813763698833222
1925851719021106129
1925948552418396123
1926236984814315103
1926241442793256791
1926609255110271421
1926617800216117948
1926688916825678977
1926702377232204764
1926722851051898556
1926758965125048305
1926774656087625999
1926949731583627715
1927013373507272880
1927079104685020267
1927147676203476649
1927402594411708604
1927757309460879031
1927852926723928386
1928022519295743638
1928026472041410954
1928397185856307572
1928414465830937153
1928415112252855970
1928481348399629408
1928757213146620945
1928881518748600257
1929115407647765793
1929154220059242940
1929185253601314263
1929390929992712831
1929438671255344068
1929471561724823544
1929491787220771968
1929557295282517287
1929607633804980911
1929668220547207644
1929890795290334591
1929957741205644700
1929990646497809162
1929996153610569123
1930037009340143409
1930155020113933686
1930266860739343282
1930268889578725570
1930414845825614571
1930660979898844914
1930737300322644135
1930748028265960383
1930750002843596035
1930792237580650200
1930830946212479551
1930947420914689058
1930949860259006361
1931303476496930208
1931306172524234012
1931408823169573122
1931427516016490070
1931482102236447442
1931594747048333853
1931637200350613695
1932195298433832227
1932369862308663653
1932395833439007631
1932455005408962130
1932874591015006844
1932883919734289633
1932929302120370987
1933149682621715172
1933441314462082586
1933454585713923818
1933629397312705637
1933691335216457150
1933732187246691407
1933868522284507299
1933876603018020510
1934119100789024330
1934141383406490533
1934259036188017165
1934300377576084205
1934326119479358776
1934355630665217318
1934402579657389319
1934553918244918584
1934566391274517018
1934703141833647419
1935321733763666197
1935488614571152339
1935634909260645846
1935734272142083531
1935751037337206908
1935966061548774063
1936046254682513566
1936051427387630394
1936165283678106494
1936456284258951305
1936459918753391233
1936485344221561811
1936557106149982443
1936592103590326748
1936749573256229565
1937160093809506302
1937165479287423433
1937441960370612120
1937538501752095931
1937810547711145644
1937913166244868959
1937916004752687235
1938172133437060507
1938175851196838141
1938680480892445102
1939009771178025458
1939183718410457489
1939280970466463888
1939339580198335730
1939379320935126632
1939607065808053343
1939641600889300200
1939744700648110046
1939988872340681609
1940361809614845334
1940431110405358358
1940724388619089529
1940797618562245691
1940805311389734126
1940900754811486608
1941172814519460266
1941243894881850978
1941259979110713166
1941456647328359271
1941469395198154251
1941565062197277437
1941658220683858582
1941876463356867106
1941943444198126044
1942152458513147036
1942180874666873871
1942646809890649339
1942745375346767785
1942802182207443087
1942992474709657434
1943109225527085014
1943159163346748136
1943238227029911453
1943238328116842615
1943331015805370780
1943388908533559457
1943832920730100698
1944491930894464899
1944791270036861245
1944796010678301331
1944888285144019998
1944906549819610000
1944950323102847246
1945063848919933444
1945066908840862830
1945067348831745179
1945171759805491149
1945598854654320901
1945639554343212689
1945746253108482890
1945852712089556831
1945999561408624514
1946182766896056252
1946227856687498564
1946249278801573699
1946279951868334503
1946354058400097425
1946533244876100847
1946685232691521113
1946915228827775819
1946937180967637999
1946981063252505215
1947236004353246429
1947310020090888712
1947673288500290578
1947897384798491927
1947923957849252545
1947980697777209618
1948323222673143481
1948399293883975647
1948405781700510653
1948414101853283526
1948483887975105389
1948629002450366860
1948748609488151229
1948751815337279601
1948783217135063322
1949028965390975747
1949057319196394283
1949077401935025736
1949142416985677972
1949269190428071783
1949338958099101087
1949398211354661061
1949421627499586192
1949430180067153749
1949516191510041793
1949613925546058496
1949732918747461236
1949787124921536966
1949805331975741702
1949818821310383679
1949847400979076348
1949954299196057241
1950151305277477558
1950180470777185976
1950198012975513767
1950219968915444564
1950241698274862290
1950287978460055223
1950372622366913999
1950491103590606198
1950696401056006798
1950717582836479717
1950917773300565543
1950963307394625578
1950965871632688577
1950968583292166300
1950970871838648298
1951224933368702016
1951236647409685972
1951272353897100023
1951418353898988405
1951578186073748112
1951591617048862749
1951700011831230703
1951758701821169939
1951778682587837162
1951978073768597213
1952007665833215768
1952043472472212641
1952057553572848249
1952144151429743214
1952175536412537864
1952302741499131756
1952325147487892962
1952629354656923834
1952662261043818706
1952670567959365060
1952778590262363644
1952829944028705407
1952883753560028514
1952991184457826457
1953077194671751356
1953198643797533159
1953310951639086292
1953419813901834006
1953463346616595303
1953783732923246440
1954013830280640271
1954146620229779810
1954184660708996428
1954211167233901151
1954224595918889493
1954290733646348660
1954498495009523152
1954659254918165167
1954798477541377898
1954988222099722418
1955289235851555929
1955339363333419989
1955381899053765829
1955613858816333686
1955636617323746465
1955693692347199729
1955833357716919573
1955888948699194837
1955891430917665378
1955904592521990432
1955940758172460005
1955944411784545013
1955960324470579683
1956119636341941164
1956151037044974229
1956344655605129395
1956379818254894452
1956760482896656046
1957015998143141860
1957028134424642802
1957050751516934328
1957067660035601306
1957126707321475910
1957158634350936538
1957175313541862048
1957175553107948340
1957196102936794560
1957223228780025017
1957563889450481395
1957677563699794767
1957702637706278333
1957941083024655772
1958141407559653362
1958148938025670274
1958360139569567324
1958411660374021263
1958481240631015241
1958489831391863372
1958504286456644300
1958514579920356995
1958534905077150974
1958535398117582353
1958658238582071593
1958794113848685993
1958921092635787979
1959040244792943764
1959167136875381400
1959169320321000678
1959180508916332290
1959233791718564053
1959358996025681152
1959508907203494202
1959580769778370138
1959619934213636750
1959642060249371571
1959736301910754855
1959749809834553796
1959774458148524617
1959954914936592069
1960136400943974184
1960245432723677583
1960339783260800727
1960642933486224616
1960650881839130344
1960742118843750323
1960835673805263048
1960842234246177265
1960846800589160976
1961005207686222554
1961014227507606463
1961096154776331934
1961189585527764258
1961323546514027888
1961370253696139350
1961374508171649755
1961397989831582159
1961402076765586640
1961589397964174876
1961764082844696634
1961840161819189378
1961899454509613959
1961909261622834363
1961917106925843620
1961921389503157397
1961966654318682797
1962073834233533483
1962251501599716484
1962488215333213709
1962580417103245891
1962646860415104863
1962674545543582523
1962807498303084507
1962866810916433997
1962867723064291872
1962885535799440282
1962931884171465583
1962998889524201096
1963062616730613585
1963166207206232486
1963183312844587605
1963263793053304193
1963274224769697339
1963591892378837959
1963592179294396929
1963683904033648984
1963732432357405295
1963792396396495911
1963979539240707717
1964027727326740830
1964097497443050807
1964383131290272324
1964711703976580001
1964770704336585627
1964943190734905431
1964943291800871199
1964973983033196905
1964989159304324579
1964997863391094239
1965001463639025290
1965045465918734388
1965139460556592211
1965146536234168830
1965359398198155178
1965417175432041710
1965512099091448972
1965523948549677845
1965816180922103341
1965892533906309752
1965913681780016726
1966088849592657226
1966154076904490385
1966268464604903051
1966425608721528156
1966550010494711034
1966589898162169626
1966625543697981948
1966640903927084189
1966863890995479257
1966870813534847491
1966901341755514976
1966914743290802620
1966970139707696768
1967137165046686227
1967148586472027179
1967173081501004003
1967191992019719750
1967227371909279796
1967244153931956362
1967268262644547887
1967277534967231122
1967541062001227145
1967580872153737059
1967594923785192932
1967615559156859814
1967755748302885290
1967872705354273922
1967918628713234670
1967925462387909650
1968445889765942692
1968583383782257144
1968620239798404367
1968712082259157179
1968943681026385257
1968967793266389157
1968979962137645876
1969062893355000282
1969334816764847935
1969348202093318678
1969447885335683999
1969583251392815318
1969822326779540704
1970050210743943776
1970078898504066869
1970107249071494403
1970419190453220791
1970518075511112530
1970595790859794360
1970795109521011645
1970804088045282946
1970851952687584706
1970929231837005416
1970966257248481352
1971174089730275009
1971177968408695809
1971210337677194092
1971218783550046513
1971304860822528564
1971510574346146489
1971590731358503809
1971618856914093245
1971986785262376223
1972010160693187919
1972028068135690487
1972210915601524377
1972340205643072686
1972402193631019707
1972448770936533364
1972628196219414383
1972652471718544917
1972682835925168980
1972971966748173113
1973035882308190322
1973079774927812544
1973108443264071142
1973364498715924343
1973374546724802836
1973416615887521385
1973423925988959810
1973544171110409767
1973732117633578606
1973821367897051881
1973826963757080820
1974112583490482779
1974440859589179320
1974496324754887954
1974498499228890512
1974595823246532871
1974649526829720095
1974773755608838622
1974778833992454200
1974865116014073385
1974903775144736208
1975270915190322156
1975485527965841057
1975496573753500856
1975534930147690116
1975636960560308928
1975671384467345771
1975897116309213771
1975943702305333657
1976208973964267763
1976213392923570209
1976262515672515666
1976294870604858648
1976326421560452997
1976329854485042823
1976381287037177892
1976433953616441920
1976571472987308780
1976621357170190085
1976639737491113284
1976666057516279588
1976673445279441423
1976734061537030460
1976980098805695164
1977156810763966196
1977328983277318809
1977421438110675922
1977442260967773156
1977520162551912237
1977786861675124358
1978085025669996575
1978186165594122180
1978355165192009205
1978432072034059709
1978484414364279134
1978554925173711962
1978563400335385920
1978741621966250673
1978790631737406028
1978910166834504161
1979117040494220918
1979233625804383577
1979244745759946545
1979249527887242005
1979590416467763887
1980011970909472406
1980043823729111097
1980077223680709979
1980213088193119954
1980273359662109682
1980274138716324279
1980327799005922976
1980554514701509822
1980665667758875039
1980747734744052340
1980899596260639048
1980948036545963168
1980996115533944725
1981016662598776690
1981017506383673044
1981028676217873254
1981139412961206323
1981168738645587396
1981307849184392640
1981459712680666774
1981463747215259047
1981477053296559793
1981611454978344584
1981669728842957304
1981687003012685929
1981779252698428333
1981840959357604402
1981900122070720631
1982038632136208878
1982042415243211629
1982045699894964840
1982046738547241341
1982048012294436583
1982123746262263536
1982165305976451287
1982190297946547411
1982201056592151601
1982232066729989514
1982361601362372012
1982375132711388743
1982378275364964297
1982390360853460677
1982402090946031762
1982406354900647958
1982418218061673292
1982421062366033896
1982475394708943011
1982478385176389504
1982519438889727944
1982537551546963767
1982741256833611368
1982842511174157800
1982879536862471380
1983252848067252822
1983255410577282027
1983536164662179392
1983628077494974126
1983647157685879412
1983674012044388155
1983899755571602153
1983923231246292401
1983933781409805917
1983938602820982463
1983960335229686779
1984111304521302052
1984154914625167890
1984215826715415237
1984284592040084834
1984530380607492945
1984568628897677680
1984759924027324049
1984844893978396181
1984958220477962149
1985091884511690804
1985108790761251752
1985148933874399020
1985292901379485769
1985382689344353682
1985451678388991687
1985501567433086077
1985657479384809831
1985726170575156540
1985844284751098034
1985856343496754791
1985875585092825545
1986175817550694090
1986182296370438630
1986205731578479545
1986355031650359111
1986432598327699231
1986477553628750354
1986562861997246287
1986623871625995430
1986737600812319964
1986754311062050648
1986759189066970379
1986764442348848243
1986828071374979919
1986936081682301576
1987104937549783177
1987116627796436337
1987154280331892219
1987199445834671191
1987248131084158249
1987258135010882879
1987307809038176453
1987431618760185185
1987456583022702760
1987490959055947646
1987537038367552253
1987542963140716313
1987638068119897961
1987744392178581745
1987815624550938080
1987819864837071538
1987822443394528906
1988001527579833316
1988019794654540565
1988032897089806766
1988163928463782033
1988185741445058787
1988279613168826216
1988538768756593436
1988631190828245715
1988745251117082101
1988892063043954034
1989010233247438566
1989020459803640626
1989038467720705010
1989093010613497994
1989219513288376655
1989274000220767050
1989667656236816370
1989718519382819151
1989723249853108410
1989855697224086806
